-5.241946240927915390e+00
-5.190066168746850117e+00
-4.926104393010788840e+00
-5.136872701397283691e+00
-5.122913430614100427e+00
-5.243953821080789446e+00
-5.305708768000741316e+00
-5.233784708074667336e+00
-5.071140648157236086e+00
-5.022705909116392142e+00
-5.268316192823558453e+00
-5.111466676377298235e+00
-5.028500608176213582e+00
-5.164740883637144897e+00
-5.120727823054901151e+00
-5.067738020158081724e+00
-5.111091548322537648e+00
-5.251665186104284011e+00
-5.034738209919400909e+00
-5.120024145208152966e+00
-5.052182387702286448e+00
-5.177312341735111012e+00
-4.957112210217074377e+00
-5.002358911986151568e+00
-5.004077341305579907e+00
-5.139474422521892016e+00
-5.028961964568224197e+00
-5.261418119341886523e+00
-5.116453226499147355e+00
-5.149361058254308787e+00
-5.148592977632969081e+00
-4.920605760246430371e+00
-5.059282426021376011e+00
-4.973251106165431423e+00
-5.112977562154661371e+00
-5.039690466405192915e+00
-5.044338295318660847e+00
-5.054008201091686914e+00
-5.241683929099432149e+00
-5.047042954359387323e+00
-5.167431046526417937e+00
-5.112738474325293048e+00
-5.116165223471215384e+00
-5.235308114111502320e+00
-4.962114014474138912e+00
-5.150631977855755217e+00
-5.204294465942777670e+00
-5.104373017670138957e+00
-5.084899274749275833e+00